4.855405 367673
7.451352 367319
7.452720 364434
8.742392 363620
8.745765 363594
9.316776 363260
9.476542 362606
11.990434 361379
12.030828 361300
29.160984 359431
29.438281 359204
29.463871 358206
29.527436 358003
29.543512 357998
29.748812 356808
29.761352 356633
29.887777 356141
30.104208 355987
30.365914 355574
30.929093 354747
30.943839 354066
31.064154 354046
31.065609 353864
31.198611 352542
31.330848 351849
31.352368 351362
32.163186 351135
46.622105 350021
48.520398 348045
48.852414 348015
49.096653 347985
49.142498 347376
49.783749 347024
49.806345 347023
50.122056 346648
50.224513 346561
50.327006 346500
51.627725 346406
52.476098 346025
52.511709 345904
52.531457 345869
52.596316 345701
53.956939 344397
54.127046 344302
57.166172 342054
57.853364 341694
59.916981 341415
60.392731 341366
61.724395 341109
61.749879 339986
61.977595 338350
64.134582 338142
72.867925 335439
99.189030 335098
99.788358 334958
100.177792 334894
100.196211 334286
117.732577 333821
117.891508 333793
119.212992 333486
131.238711 333449
133.553633 333428
134.791853 333070
134.959089 332746
139.567379 331339
140.377591 331147
140.520106 330786
140.813931 330572
143.336137 330507
163.893261 329610
164.142592 328224
164.233229 327751
189.326385 326692
197.316912 326163
198.165867 325623
198.628506 325324
205.574276 325030
205.880523 324992
205.944020 324488
207.582044 324190
207.605221 324152
207.621290 323757
218.749972 322537
219.166526 322406
219.677686 322399
222.265143 319522
222.424259 318987
223.999077 318888
224.347538 318667
224.457609 318644
224.741959 318557
225.201414 318276
225.224512 318147
225.519773 318020
240.279047 317648
247.886602 317468
249.080481 317418
249.097978 317115
270.876349 317083
294.241055 317035
307.685381 316645
358.733963 316581
359.078354 316225
359.122350 315814
360.173105 315608
364.117140 315505
369.957425 314951
370.190264 314269
370.247388 314017
370.949542 313297
374.658146 313240
374.921952 313133
389.689076 313128
400.955843 312947
442.500872 312921
622.244332 312875
669.353919 312558
669.401733 311925
672.060880 310302
672.255524 310173
686.005657 309790
686.808996 309453
687.655227 309324
769.591301 308909
770.023488 308748
793.575222 308696
794.435618 308583
913.248011 308510
1013.844270 308381
1832.93009 308338
1885.604507 308310
2406.952616 308133
2415.597006 307931
