3.655985e+00    387038
3.684761e+00    386306
4.023249e+00    383812
4.212427e+00    382338
4.318001e+00    382180
4.386203e+00    381829
4.563301e+00    381710
4.764604e+00    380302
7.141827e+00    373965
7.365412e+00    373690
7.374462e+00    373224
7.881892e+00    372848
7.950256e+00    371949
8.705215e+00    371537
9.648553e+00    363737
1.022390e+01    362703
1.056260e+01    361480
1.167899e+01    361132
1.171387e+01    361112
1.189043e+01    359128
2.740368e+01    358275
2.795275e+01    355434
2.907426e+01    354770
2.909788e+01    354303
2.964800e+01    354246
3.023356e+01    350608
4.165776e+01    349763
4.185862e+01    348287
6.879529e+01    347748
6.958605e+01    347652
7.105735e+01    347438
7.107872e+01    345927
7.108889e+01    345400
8.185184e+01    344911
9.475319e+01    344572
9.487373e+01    344419
9.502501e+01    344264
9.680790e+01    343742
1.102600e+02    343615
1.107766e+02    343417
1.108007e+02    342695
1.108116e+02    341405
1.112753e+02    341252
1.130166e+02    340686
1.143237e+02    340574
1.143848e+02    339478
1.307959e+02    339188
1.318961e+02    338791
1.320112e+02    338790
1.320185e+02    338525
1.320358e+02    337886
1.320681e+02    337878
1.320800e+02    337755
1.341295e+02    337597
1.822903e+02    337577
1.838434e+02    337560
1.842102e+02    337275
1.847178e+02    337240
1.894307e+02    336814
1.910852e+02    334629
1.996487e+02    333825
1.999660e+02    332644
2.007567e+02    332605
2.007970e+02    332279
2.496552e+02    332097
2.496680e+02    331542
2.526106e+02    331419
2.592837e+02    331292
2.593910e+02    330674
2.594389e+02    330316
2.594609e+02    330234
2.596712e+02    329584
2.602513e+02    329502
2.617046e+02    328940
2.617574e+02    328624
2.627353e+02    328576
2.630111e+02    328421
2.644315e+02    328373
2.675062e+02    328371
4.229470e+02    328208
4.326607e+02    328180
4.360653e+02    328092
4.809644e+02    327900
4.890869e+02    327433
4.905826e+02    326985
4.906939e+02    326808
4.907049e+02    326739
5.244659e+02    326211
5.245642e+02    326185
5.246043e+02    326155
5.246718e+02    325939
5.957495e+02    325603
5.957726e+02    325049
5.981867e+02    323920
1.380743e+03    323905
1.380829e+03    323447
1.499219e+03    323178
1.502958e+03    321922
1.503029e+03    320608
1.570347e+03    320396
1.840933e+03    318963
1.840956e+03    318464
1.844571e+03    318456
1.844585e+03    317981
1.847603e+03    317729
1.852173e+03    316194
1.852539e+03    316055
1.852623e+03    315247
1.855401e+03    315119
1.861691e+03    315090
1.861951e+03    314860
1.861967e+03    314656
1.863970e+03    314293
1.864830e+03    314258
1.865294e+03    314139
1.865438e+03    313944
9.605218e+03    313430
9.605251e+03    313085
9.605322e+03    312877
1.241817e+04    312616
1.241823e+04    312233
1.241827e+04    312214
1.245716e+04    311888
1.245729e+04    311074
1.246086e+04    311030
