%NL12, T=500, betaT=0.990000, w=4000, maxC=200, maxP=100, maxR=5
%time (s)	cost
1.375591e+000	153039
1.377002e+000	152714
2.803798e+000	150490
4.307221e+000	141353
7.365811e+000	140922
9.450000e+000	139652
9.460226e+000	139385
9.464064e+000	139197
9.533630e+000	139100
2.139543e+001	138240
2.202043e+001	136784
2.211985e+001	136312
2.213843e+001	136171
2.268219e+001	136089
2.268518e+001	135060
2.369277e+001	134815
2.385252e+001	134480
2.581925e+001	134368
2.582304e+001	133832
5.156685e+001	133714
5.173825e+001	133711
8.539379e+001	133337
8.540728e+001	133250
8.564115e+001	133158
8.570046e+001	132966
8.633870e+001	132957
8.795599e+001	132904
8.808286e+001	132711
1.059032e+002	132344
1.079510e+002	132263
1.079767e+002	132158
1.080107e+002	131653
1.084428e+002	131334
1.105609e+002	131142
1.107833e+002	130861
1.395396e+002	130846
1.396170e+002	130634
1.460866e+002	129829
1.462306e+002	129809
1.462705e+002	129649
1.466326e+002	129263
1.467320e+002	129158
1.468890e+002	128862
1.469307e+002	128804
1.470252e+002	128612
1.498355e+002	128417
1.498749e+002	127731
1.498812e+002	127723
1.571070e+002	127675
1.575607e+002	127645
1.580776e+002	127158
1.585068e+002	126460
1.586159e+002	126417
1.868141e+002	126162
1.868943e+002	126069
1.868969e+002	125949
2.318988e+002	125705
2.634235e+002	125650
2.688117e+002	125434
2.701715e+002	125256
2.702176e+002	125169
2.831358e+002	125167
2.858310e+002	124987
2.862211e+002	124891
2.862766e+002	124872
2.863425e+002	124566
2.864174e+002	124125
2.865074e+002	124029
2.924095e+002	123844
2.969427e+002	123319
2.973099e+002	123216
3.206301e+002	123028
3.207039e+002	123027
3.208534e+002	122996
3.208865e+002	122124
3.208889e+002	122112
3.209046e+002	122111
3.209408e+002	121544
3.210357e+002	121481
3.210527e+002	121265
3.410323e+002	121256
3.854173e+002	121189
5.439553e+002	121180
1.837463e+003	121115
1.875781e+003	121113
1.876529e+003	120786
1.881313e+003	120735
2.056673e+003	120648
2.056747e+003	120540
2.134328e+003	120443
2.134789e+003	120438
2.842125e+003	120090
2.849676e+003	120084



%NL6, T=500, betaT=0.990000, w=4000, maxC=200, maxP=100, maxR=5
%time (s)	cost
1.869600e-01	31856
1.947780e-01	30810
2.349950e-01	29607
2.560070e-01	28554
2.618320e-01	28314
3.512600e-01	28311
6.307170e-01	27550
9.169950e-01	27190
9.191490e-01	26946
9.208830e-01	26415
1.548833e+00	26169
2.371044e+00	25752
2.380658e+00	25742
2.856999e+00	25413
6.222246e+00	25089
1.426532e+01	25018
1.572180e+01	24812
1.573472e+01	24709
3.553235e+01	24702
5.497172e+01	24674
5.497411e+01	24601
5.499753e+01	24540
5.519907e+01	24467
6.812050e+01	24420
6.832235e+01	24360
6.834417e+01	24254
6.842621e+01	24064
6.861028e+01	24032



%NL6, T=500, betaT=0.990000, w=4000, maxC=200, maxP=100, maxR=5
%time (s)	cost
3.055152e-001	31856
3.101833e-001	30810
3.375523e-001	29607
3.691399e-001	28554
3.733479e-001	28314
4.697627e-001	28311
7.467831e-001	27550
1.036429e+000	27190
1.038279e+000	26946
1.039547e+000	26415
1.702823e+000	26169
2.591331e+000	25752
2.599124e+000	25742
3.099103e+000	25413
6.711035e+000	25089
1.542698e+001	25018
1.712187e+001	24812
1.713372e+001	24709
3.867325e+001	24702
5.943958e+001	24674
5.944229e+001	24601
5.947616e+001	24540
5.969486e+001	24467
7.373261e+001	24420
7.394460e+001	24360
7.396781e+001	24254
7.405684e+001	24064
7.426119e+001	24032
9.042414e+002	23978
9.054060e+002	23916



%NL12, T=500, betaT=0.990000, w=4000, maxC=200, maxP=100, maxR=5
%time (s)	cost
6.632853e-001	153177
6.833700e-001	152926
6.880219e-001	151769
1.048395e+000	143673
1.690183e+000	143643
1.746616e+000	143108
1.787964e+000	142793
1.097675e+001	141284
1.103340e+001	140732
1.899529e+001	140365
1.914995e+001	140211
1.981231e+001	139630
1.992619e+001	138965
2.137492e+001	138747
2.162732e+001	137532
2.177903e+001	136968
2.200115e+001	136504
2.209477e+001	136481
2.209902e+001	136415
2.242960e+001	136193
5.405031e+001	136036
5.406748e+001	136026
5.418186e+001	135987
5.420023e+001	135539
6.851578e+001	135165
6.890649e+001	135076
6.900283e+001	134698
6.906853e+001	134529
6.932532e+001	134219
6.978287e+001	134085
7.019227e+001	133747
7.043183e+001	133524
7.106827e+001	133488
7.110398e+001	133428
7.417784e+001	133238
7.427137e+001	132850
8.481273e+001	132536
1.126887e+002	132366
1.289665e+002	131969
1.290629e+002	130291
1.347928e+002	129538
1.358267e+002	129351
1.359423e+002	129213
1.390468e+002	128975
1.409096e+002	128604
1.413547e+002	128569
1.420564e+002	128311
1.898363e+002	128067
2.070644e+002	128049
2.136295e+002	127998
2.228155e+002	127995
2.241221e+002	127854
2.242209e+002	127326
2.265477e+002	127203
2.266094e+002	126823
2.898091e+002	126819
2.943454e+002	126613
3.076051e+002	126313
3.096165e+002	126285
3.272449e+002	125970
3.329788e+002	125953
3.692963e+002	125280
3.702501e+002	125203
3.711542e+002	125056
3.719971e+002	125039
3.738209e+002	124997
3.751857e+002	123908
3.878963e+002	123672
3.880561e+002	123129
3.934132e+002	122937
3.943583e+002	122928
4.386444e+002	122922
4.389199e+002	122845
4.423953e+002	122689
4.618205e+002	122549
9.558589e+002	121809
9.575725e+002	121750



%NL12, T=500, betaT=0.990000, w=4000, maxC=200, maxP=100, maxR=5
%time (s)	cost
4.117602e+000	147809
9.763880e+000	143133
1.558627e+001	142947
1.564991e+001	142388
2.428002e+001	142129
4.217100e+001	142044
4.261294e+001	139676
5.520733e+001	134162
9.612698e+001	133948
9.651166e+001	133198
9.653390e+001	132748
1.197848e+002	132631
1.198329e+002	132545
1.222500e+002	132373
1.222740e+002	132136
1.223875e+002	131964
1.224216e+002	130792
1.224350e+002	130791
1.233019e+002	130147
1.235271e+002	129201
1.235468e+002	128650
1.394066e+002	127920
1.398362e+002	127245
1.831571e+002	126754
1.832027e+002	126005
1.833733e+002	125478
1.850999e+002	125145
1.851630e+002	125135
1.852921e+002	124694
1.853109e+002	124541
1.853610e+002	124524
1.854052e+002	124381
1.910255e+002	124255
1.937240e+002	124233
1.945463e+002	124179
1.946907e+002	124121
2.759221e+002	123604
2.760350e+002	123562
2.761460e+002	123515
2.802554e+002	123231
2.818143e+002	123204
2.820738e+002	123176
2.824576e+002	123084
2.836054e+002	123040
2.836197e+002	122996
2.852579e+002	122991
2.862747e+002	122916
3.188406e+002	122419
3.222799e+002	122397
3.494335e+002	122368
3.543702e+002	122031
3.549439e+002	121748
3.726230e+002	121720
3.787851e+002	120941
3.793953e+002	120656
3.794827e+002	120376
3.799019e+002	120360
3.915390e+002	120251
3.921412e+002	120123
3.924631e+002	119819
3.939276e+002	119807



%NL12, T=500, betaT=0.990000, w=4000, maxC=200, maxP=100, maxR=5
%time (s)	cost
6.680514e-001	153177
6.792621e-001	152926
6.841512e-001	151769
1.055921e+000	143673
1.699504e+000	143643
1.753114e+000	143108
1.792899e+000	142793
1.075027e+001	141284
1.080560e+001	140732
1.763333e+001	140365
1.779594e+001	140211
1.842421e+001	139630
1.851969e+001	138965
1.972487e+001	138747
1.991890e+001	137532
2.004847e+001	136968
2.019607e+001	136504
2.027868e+001	136481
2.028344e+001	136415
2.054282e+001	136193
5.165745e+001	136036
5.166525e+001	136026
5.178020e+001	135987
5.180631e+001	135539
6.632109e+001	135165
6.672894e+001	135076
6.682603e+001	134698
6.689164e+001	134529
6.715871e+001	134219
6.763628e+001	134085
6.803468e+001	133747
6.827683e+001	133524
6.890873e+001	133488
6.894457e+001	133428
7.206605e+001	133238
7.214462e+001	132850
8.270777e+001	132536
1.077705e+002	132366
1.227555e+002	131969
1.228429e+002	130291
1.285853e+002	129538
1.296166e+002	129351
1.297340e+002	129213
1.327807e+002	128975
1.346418e+002	128604
1.350964e+002	128569
1.358256e+002	128311
1.826772e+002	128067
2.000734e+002	128049
2.067208e+002	127998
2.160622e+002	127995
2.173835e+002	127854
2.174914e+002	127326
2.198746e+002	127203
2.199369e+002	126823
2.781671e+002	126819
2.827670e+002	126613
2.950081e+002	126313
2.970030e+002	126285
3.140607e+002	125970
3.198797e+002	125953
3.547677e+002	125280
3.557273e+002	125203
3.566245e+002	125056
3.574695e+002	125039
3.592782e+002	124997
3.606549e+002	123908
3.731529e+002	123672
3.731742e+002	123129
3.781247e+002	122937
3.790415e+002	122928
4.210487e+002	122922
4.213073e+002	122845
4.246812e+002	122689
4.439018e+002	122549
9.382517e+002	121809
9.399071e+002	121750



%NL12, T=500, betaT=0.990000, w=4000, maxC=200, maxP=100, maxR=5
%time (s)	cost
4.256000e+000	147809
1.014882e+001	143133
1.617599e+001	142947
1.624472e+001	142388
2.521092e+001	142129
4.381412e+001	142044
4.427833e+001	139676
5.772718e+001	134162
1.013553e+002	133948
1.017824e+002	133198
1.018121e+002	132748
1.266320e+002	132631
1.266813e+002	132545
1.291664e+002	132373
1.291884e+002	132136
1.293099e+002	131964
1.293454e+002	130792
1.293579e+002	130791
1.302569e+002	130147
1.304841e+002	129201
1.305037e+002	128650
1.471506e+002	127920
1.475863e+002	127245
1.924900e+002	126754
1.925375e+002	126005
1.927027e+002	125478
1.945032e+002	125145
1.945700e+002	125135
1.946934e+002	124694
1.947118e+002	124541
1.947706e+002	124524
1.948162e+002	124381
2.006242e+002	124255
2.034128e+002	124233
2.042475e+002	124179
2.043878e+002	124121
2.858029e+002	123604
2.859154e+002	123562
2.860260e+002	123515
2.901291e+002	123231
2.916386e+002	123204
2.918764e+002	123176
2.922477e+002	123084
2.934932e+002	123040
2.935096e+002	122996
2.953098e+002	122991
2.963782e+002	122916
3.295383e+002	122419
3.330061e+002	122397
3.607000e+002	122368
3.657128e+002	122031
3.663060e+002	121748
3.843845e+002	121720
3.906386e+002	120941
3.912583e+002	120656
3.913456e+002	120376
3.917797e+002	120360
4.037252e+002	120251
4.043006e+002	120123
4.046158e+002	119819
4.060555e+002	119807



%NL12, T=500, betaT=0.990000, w=4000, maxC=200, maxP=100, maxR=5
%time (s)	cost
6.492264e-001	153177
6.615119e-001	152926
6.668259e-001	151769
1.030561e+000	143673
1.676719e+000	143643
1.730695e+000	143108
1.774621e+000	142793
1.048223e+001	141284
1.054045e+001	140732
1.724495e+001	140365
1.739665e+001	140211
1.799829e+001	139630
1.809228e+001	138965
1.929243e+001	138747
1.948463e+001	137532
1.961753e+001	136968
1.976505e+001	136504
1.984786e+001	136481
1.985260e+001	136415
2.010716e+001	136193
5.064782e+001	136036
5.065551e+001	136026
5.076941e+001	135987
5.078744e+001	135539
6.509703e+001	135165
6.549579e+001	135076
6.559047e+001	134698
6.565444e+001	134529
6.591951e+001	134219
6.639322e+001	134085
6.679085e+001	133747
6.702942e+001	133524
6.764751e+001	133488
6.768196e+001	133428
7.071013e+001	133238
7.078566e+001	132850
8.119967e+001	132536
1.059026e+002	132366
1.205358e+002	131969
1.206209e+002	130291
1.261721e+002	129538
1.271779e+002	129351
1.272907e+002	129213
1.302830e+002	128975
1.321036e+002	128604
1.325437e+002	128569
1.332492e+002	128311
1.791946e+002	128067
1.962907e+002	128049
2.028510e+002	127998
2.120953e+002	127995
2.133982e+002	127854
2.134980e+002	127326
2.158568e+002	127203
2.159203e+002	126823
2.731798e+002	126819
2.777357e+002	126613
2.896128e+002	126313
2.915557e+002	126285
3.083699e+002	125970
3.140543e+002	125953
3.486729e+002	125280
3.496107e+002	125203
3.504961e+002	125056
3.513309e+002	125039
3.531110e+002	124997
3.544640e+002	123908
3.668023e+002	123672
3.668233e+002	123129
3.716754e+002	122937
3.725940e+002	122928
4.137151e+002	122922
4.139689e+002	122845
4.173375e+002	122689
4.362566e+002	122549
9.160421e+002	121809
9.176678e+002	121750



%NL12, T=500, betaT=0.990000, w=4000, maxC=200, maxP=100, maxR=5
%time (s)	cost
4.210317e+000	147809
1.088992e+001	143133
1.720089e+001	142947
1.726404e+001	142388
2.594059e+001	142129
4.451937e+001	142044
4.503585e+001	139676
5.863843e+001	134162
1.034537e+002	133948
1.038533e+002	133198
1.038786e+002	132748
1.286418e+002	132631
1.286918e+002	132545
1.310851e+002	132373
1.311093e+002	132136
1.312239e+002	131964
1.312580e+002	130792
1.312764e+002	130791
1.321487e+002	130147
1.323740e+002	129201
1.323949e+002	128650
1.495126e+002	127920
1.502755e+002	127245
1.973244e+002	126754
1.973713e+002	126005
1.975396e+002	125478
1.993417e+002	125145
1.994094e+002	125135
1.995330e+002	124694
1.995533e+002	124541
1.996045e+002	124524
1.996485e+002	124381
2.058380e+002	124255
2.086813e+002	124233
2.094866e+002	124179
2.096244e+002	124121
2.914460e+002	123604
2.915572e+002	123562
2.916638e+002	123515
2.958208e+002	123231
2.975082e+002	123204
2.977692e+002	123176
2.981666e+002	123084
2.995847e+002	123040
2.996033e+002	122996
3.014504e+002	122991
3.024506e+002	122916
3.376858e+002	122419
3.412960e+002	122397
3.693900e+002	122368
3.745697e+002	122031
3.752161e+002	121748
3.946666e+002	121720
4.012703e+002	120941
4.019118e+002	120656
4.020028e+002	120376
4.024441e+002	120360
4.148036e+002	120251
4.154376e+002	120123
4.157945e+002	119819
4.173566e+002	119807



%NL12, T=500, betaT=0.990000, w=4000, maxC=200, maxP=100, maxR=5
%time (s)	cost
4.114092e+000	145013
4.117153e+000	144464
4.131812e+000	144330
4.177198e+000	144295
4.249892e+000	143666
4.289747e+000	143608
4.320242e+000	143601
4.825488e+000	141506
1.560653e+001	141023
1.564260e+001	141014
1.728817e+001	139908
1.732326e+001	139749
1.843480e+001	139597
1.853490e+001	139360
2.513109e+001	139192
2.534981e+001	137638
2.543087e+001	137247
2.544957e+001	137021
5.118392e+001	135550
6.842372e+001	134671
6.861706e+001	134397
8.082902e+001	133928
8.083481e+001	133248
8.096113e+001	133246
8.104376e+001	133202
8.200906e+001	132648
8.204204e+001	132336
8.206950e+001	131936
8.208730e+001	131506
1.217542e+002	131294
1.217601e+002	131099
1.385325e+002	129941
1.386138e+002	129904
1.386984e+002	129461
1.387905e+002	129402
1.387926e+002	129286
2.026190e+002	128944
2.028898e+002	128824
2.079778e+002	128696
2.081285e+002	128682
2.095825e+002	128337
2.100265e+002	128188
2.103170e+002	128022
2.122767e+002	127720
2.126597e+002	127706
2.128502e+002	127686
2.275866e+002	127117
2.277321e+002	127116
2.278859e+002	127096
2.283165e+002	126607
2.287237e+002	126597
2.287648e+002	126506
2.306419e+002	126494
2.308052e+002	126324
2.417795e+002	126171
2.418307e+002	126158
2.429569e+002	126121
2.439267e+002	125713
2.440209e+002	124833
2.451194e+002	124742
2.561456e+002	124735
2.561879e+002	124543
2.732253e+002	124433
2.738463e+002	124279
2.739103e+002	123930
2.878927e+002	123756
2.889088e+002	123681
3.052046e+002	123423
3.052471e+002	123372
3.061050e+002	123335
3.063776e+002	123271
3.181318e+002	123038
3.195443e+002	123005
3.228902e+002	122702
3.238351e+002	122611
3.259898e+002	122505
1.540054e+003	121875
1.540260e+003	121828
1.540525e+003	121659
1.540785e+003	121612
1.541739e+003	121602
1.543759e+003	121517
1.546275e+003	121448
1.566601e+003	121364
1.567376e+003	121334
1.568320e+003	121279
1.568484e+003	121161
1.573884e+003	120838
1.573903e+003	120713
1.579707e+003	120629
1.581698e+003	120526



%NL12, T=500, betaT=0.990000, w=4000, maxC=200, maxP=100, maxR=5
%time (s)	cost
2.466593e+000	160458
2.490070e+000	159509
2.675690e+000	151565
3.350598e+000	150484
3.399139e+000	149894
3.815338e+000	145821
3.839752e+000	144504
5.284968e+000	140213
5.315833e+000	138711
2.626677e+001	137073
2.837120e+001	137048
2.838546e+001	136651
3.024248e+001	136554
3.025615e+001	136197
3.079879e+001	133443
3.103525e+001	133135
6.630411e+001	133026
6.631634e+001	132860
6.639626e+001	132581
6.715489e+001	132512
6.766874e+001	132313
6.816609e+001	132175
6.846646e+001	131817
9.958354e+001	131309
1.013603e+002	130950
1.014586e+002	130502
1.674643e+002	130438
1.675617e+002	130257
1.675750e+002	130116
1.677019e+002	130114
1.678942e+002	130023
1.735451e+002	129958
2.146604e+002	129674
2.156771e+002	129470
2.156791e+002	129404
2.184409e+002	129261
2.184701e+002	129118
2.277104e+002	128990
2.277833e+002	128656
2.279454e+002	127519
2.288499e+002	126954
2.304504e+002	126861
2.336170e+002	126008
2.598249e+002	125802
2.624979e+002	125766
2.784426e+002	125149
3.060150e+002	125097
3.062883e+002	125071
3.065085e+002	124860
3.084056e+002	124849
3.092641e+002	124823
1.118246e+003	124334
1.118632e+003	124138
1.119012e+003	123234
1.119494e+003	123024



%NL12, T=500, betaT=0.990000, w=4000, maxC=200, maxP=100, maxR=5
%time (s)	cost
6.402330e-001	153177
6.516855e-001	152926
6.563364e-001	151769
1.017465e+000	143673
1.664208e+000	143643
1.717594e+000	143108
1.756352e+000	142793
1.041392e+001	141284
1.047100e+001	140732
1.718386e+001	140365
1.734253e+001	140211
1.795292e+001	139630
1.804792e+001	138965
1.922972e+001	138747
1.942420e+001	137532
1.955435e+001	136968
1.970204e+001	136504
1.978392e+001	136481
1.978902e+001	136415
2.003977e+001	136193
5.011424e+001	136036
5.012137e+001	136026
5.023706e+001	135987
5.025401e+001	135539
6.426561e+001	135165
6.466122e+001	135076
6.475976e+001	134698
6.482387e+001	134529
6.508959e+001	134219
6.555580e+001	134085
6.594852e+001	133747
6.618620e+001	133524
6.680479e+001	133488
6.684103e+001	133428
6.988822e+001	133238
6.996403e+001	132850
8.030388e+001	132536
1.046060e+002	132366
1.191510e+002	131969
1.192372e+002	130291
1.248382e+002	129538
1.258459e+002	129351
1.259596e+002	129213
1.289192e+002	128975
1.307308e+002	128604
1.311694e+002	128569
1.318704e+002	128311
1.773820e+002	128067
1.943460e+002	128049
2.008314e+002	127998
2.099323e+002	127995
2.112185e+002	127854
2.113157e+002	127326
2.136354e+002	127203
2.136967e+002	126823
2.704540e+002	126819
2.749488e+002	126613
2.868595e+002	126313
2.887882e+002	126285
3.053696e+002	125970
3.110650e+002	125953
3.452048e+002	125280
3.461382e+002	125203
3.470108e+002	125056
3.478453e+002	125039
3.496183e+002	124997
3.509717e+002	123908
3.631819e+002	123672
3.632021e+002	123129
3.680373e+002	122937
3.689409e+002	122928
4.098351e+002	122922
4.100858e+002	122845
4.133937e+002	122689
4.320281e+002	122549
9.150239e+002	121809
9.166568e+002	121750



%NL12, T=500, betaT=0.990000, w=4000, maxC=200, maxP=100, maxR=5
%time (s)	cost
9.158560e-001	153177
9.289913e-001	152926
9.502225e-001	151769
1.311343e+000	143673
1.955590e+000	143643
2.013964e+000	143108
2.057066e+000	142793
1.120432e+001	141284
1.126204e+001	140732
1.943682e+001	140365
1.960652e+001	140211
2.030693e+001	139630
2.040696e+001	138965
2.176172e+001	138747
2.198910e+001	137532
2.214219e+001	136968
2.230166e+001	136504
2.244958e+001	136481
2.249737e+001	136415
2.283101e+001	136193
5.549018e+001	136036
5.549920e+001	136026
5.562337e+001	135987
5.564180e+001	135539
7.008175e+001	135165
7.049249e+001	135076
7.058787e+001	134698
7.065459e+001	134529
7.091050e+001	134219
7.137829e+001	134085
7.180855e+001	133747
7.205304e+001	133524
7.271174e+001	133488
7.274759e+001	133428
7.590157e+001	133238
7.597537e+001	132850
8.632590e+001	132536
1.111508e+002	132366
1.260970e+002	131969
1.261847e+002	130291
1.319157e+002	129538
1.329499e+002	129351
1.330818e+002	129213
1.361509e+002	128975
1.380481e+002	128604
1.384859e+002	128569
1.392177e+002	128311
1.854884e+002	128067
2.029515e+002	128049
2.096424e+002	127998
2.190257e+002	127995
2.203344e+002	127854
2.204449e+002	127326
2.228031e+002	127203
2.228657e+002	126823
2.817977e+002	126819
2.864660e+002	126613
2.989525e+002	126313
3.008851e+002	126285
3.175285e+002	125970
3.231423e+002	125953
3.571100e+002	125280
3.580315e+002	125203
3.588902e+002	125056
3.597042e+002	125039
3.614747e+002	124997
3.628165e+002	123908
3.749280e+002	123672
3.749485e+002	123129
3.797642e+002	122937
3.806555e+002	122928
4.213462e+002	122922
4.215919e+002	122845
4.248972e+002	122689
4.435458e+002	122549
9.219755e+002	121809
9.236261e+002	121750



%NL12, T=500, betaT=0.990000, w=4000, maxC=200, maxP=100, maxR=5
%time (s)	cost
4.605023e+000	147809
1.073634e+001	143133
1.702885e+001	142947
1.710065e+001	142388
2.644399e+001	142129
4.568502e+001	142044
4.616424e+001	139676
5.997414e+001	134162
1.042582e+002	133948
1.046751e+002	133198
1.046975e+002	132748
1.303859e+002	132631
1.304395e+002	132545
1.330572e+002	132373
1.330794e+002	132136
1.331965e+002	131964
1.332341e+002	130792
1.332569e+002	130791
1.341691e+002	130147
1.343997e+002	129201
1.344201e+002	128650
1.508353e+002	127920
1.512817e+002	127245
1.961408e+002	126754
1.961882e+002	126005
1.963550e+002	125478
1.981261e+002	125145
1.981910e+002	125135
1.983106e+002	124694
1.983290e+002	124541
1.983794e+002	124524
1.984239e+002	124381
2.041221e+002	124255
2.068629e+002	124233
2.076961e+002	124179
2.078409e+002	124121
2.905608e+002	123604
2.906761e+002	123562
2.907881e+002	123515
2.949770e+002	123231
2.964979e+002	123204
2.967284e+002	123176
2.970835e+002	123084
2.982580e+002	123040
2.982742e+002	122996
2.999787e+002	122991
3.010495e+002	122916
3.350058e+002	122419
3.385167e+002	122397
3.660709e+002	122368
3.712126e+002	122031
3.718083e+002	121748
3.898793e+002	121720
3.961778e+002	120941
3.968004e+002	120656
3.968892e+002	120376
3.973083e+002	120360
4.091190e+002	120251
4.097227e+002	120123
4.100517e+002	119819
4.115328e+002	119807



%NL12, T=500, betaT=0.990000, w=4000, maxC=200, maxP=100, maxR=5
%time (s)	cost
3.881967e+000	145013
3.884842e+000	144464
3.897954e+000	144330
3.941161e+000	144295
4.010944e+000	143666
4.050305e+000	143608
4.079716e+000	143601
4.558590e+000	141506
1.509216e+001	141023
1.512852e+001	141014
1.680303e+001	139908
1.684078e+001	139749
1.797040e+001	139597
1.807355e+001	139360
2.447217e+001	139192
2.466195e+001	137638
2.473728e+001	137247
2.475674e+001	137021
5.014400e+001	135550
6.707528e+001	134671
6.726427e+001	134397
7.907659e+001	133928
7.908241e+001	133248
7.920949e+001	133246
7.929212e+001	133202
8.024178e+001	132648
8.027554e+001	132336
8.030271e+001	131936
8.032111e+001	131506
1.185697e+002	131294
1.185753e+002	131099
1.348650e+002	129941
1.349420e+002	129904
1.350232e+002	129461
1.351117e+002	129402
1.351142e+002	129286
1.963375e+002	128944
1.966003e+002	128824
2.015623e+002	128696
2.017097e+002	128682
2.030069e+002	128337
2.033789e+002	128188
2.036393e+002	128022
2.055423e+002	127720
2.059122e+002	127706
2.060993e+002	127686
2.203967e+002	127117
2.205375e+002	127116
2.206867e+002	127096
2.211320e+002	126607
2.215219e+002	126597
2.215630e+002	126506
2.233841e+002	126494
2.235471e+002	126324
2.341252e+002	126171
2.341661e+002	126158
2.352472e+002	126121
2.362179e+002	125713
2.363083e+002	124833
2.374089e+002	124742
2.480397e+002	124735
2.480822e+002	124543
2.644482e+002	124433
2.650515e+002	124279
2.651149e+002	123930
2.786423e+002	123756
2.796064e+002	123681
2.957512e+002	123423
2.957929e+002	123372
2.966500e+002	123335
2.969247e+002	123271
3.080844e+002	123038
3.094333e+002	123005
3.125289e+002	122702
3.134143e+002	122611
3.154315e+002	122505
1.533525e+003	121875
1.533721e+003	121828
1.533965e+003	121659
1.534217e+003	121612
1.535092e+003	121602
1.536956e+003	121517
1.539252e+003	121448
1.557831e+003	121364
1.558554e+003	121334
1.559416e+003	121279
1.559569e+003	121161
1.564587e+003	120838
1.564610e+003	120713
1.569972e+003	120629
1.571813e+003	120526



%NL12, T=500, betaT=0.990000, w=4000, maxC=200, maxP=100, maxR=5
%time (s)	cost
2.264332e+000	160458
2.285636e+000	159509
2.455061e+000	151565
3.096893e+000	150484
3.142052e+000	149894
3.503932e+000	145821
3.522945e+000	144504
4.795160e+000	140213
4.823873e+000	138711
2.405174e+001	137073
2.608208e+001	137048
2.609575e+001	136651
2.791494e+001	136554
2.792802e+001	136197
2.846162e+001	133443
2.869198e+001	133135
6.072404e+001	133026
6.073458e+001	132860
6.079831e+001	132581
6.144661e+001	132512
6.192304e+001	132313
6.239286e+001	132175
6.267892e+001	131817
9.184683e+001	131309
9.354410e+001	130950
9.364123e+001	130502
1.594923e+002	130438
1.595976e+002	130257
1.596109e+002	130116
1.597477e+002	130114
1.599879e+002	130023
1.652416e+002	129958
2.035164e+002	129674
2.044672e+002	129470
2.044692e+002	129404
2.070507e+002	129261
2.070745e+002	129118
2.157275e+002	128990
2.157958e+002	128656
2.159500e+002	127519
2.167944e+002	126954
2.182787e+002	126861
2.212360e+002	126008
2.457303e+002	125802
2.482340e+002	125766
2.632410e+002	125149
2.890826e+002	125097
2.893038e+002	125071
2.894978e+002	124860
2.912449e+002	124849
2.920550e+002	124823
1.065976e+003	124334
1.066327e+003	124138
1.066676e+003	123234
1.067112e+003	123024
3.175804e+003	122941
3.175811e+003	122837



%NL12, T=500, betaT=0.990000, w=4000, maxC=200, maxP=100, maxR=5
%time (s)	cost
1.283604e+000	147949
3.634739e+000	143726
5.821413e+000	142401
5.850918e+000	140937
6.205750e+000	137827
2.150479e+001	137746
2.154216e+001	137548
3.301184e+001	137371
4.264007e+001	137292
4.389084e+001	137286
4.390356e+001	137193
4.732950e+001	136800
5.443535e+001	136664
5.452038e+001	135388
5.454672e+001	135323
5.456061e+001	135210
5.460632e+001	134987
5.461986e+001	134891
6.410197e+001	134787
6.547086e+001	133876
7.003331e+001	133856
7.006572e+001	133631
7.011899e+001	133269
7.015163e+001	132828
7.016687e+001	132390
7.099322e+001	132225
7.100584e+001	132169
7.105896e+001	131355
7.143226e+001	130171
1.467465e+002	130085
1.468458e+002	129943
1.470928e+002	129914
1.470997e+002	129799
1.508789e+002	129556
1.510589e+002	129539
1.511583e+002	129402
1.686348e+002	129131
1.795425e+002	129096
1.799130e+002	128802
1.799719e+002	128517
1.801041e+002	128463
1.802152e+002	128310
1.874893e+002	128254
1.875019e+002	128223
1.877262e+002	128163
1.878217e+002	128109
1.880040e+002	128042
1.886252e+002	127872
1.887267e+002	127475
1.888219e+002	127116
1.933935e+002	126618
2.010711e+002	126294
2.013521e+002	125938
2.024343e+002	125696
2.027894e+002	125622
2.118914e+002	125537
2.120927e+002	125199
2.181451e+002	125185
2.181515e+002	124953
2.206837e+002	124852
2.414654e+002	124394
2.417045e+002	124007
2.420599e+002	123999
2.435292e+002	123763
2.437036e+002	123753
2.455469e+002	123740
2.596266e+002	123704
2.597669e+002	123599
2.597794e+002	123402
2.597842e+002	123297
2.599384e+002	123117
2.599489e+002	123012
2.703970e+002	122942
2.704348e+002	122904
2.705032e+002	122820
2.709975e+002	122779
2.711059e+002	122658
2.742722e+002	122456
2.750501e+002	122363
3.028589e+003	121931



%NL12, T=500, betaT=0.990000, w=4000, maxC=200, maxP=100, maxR=5
%time (s)	cost
5.171808e+000	142490
5.233546e+000	141067
5.316785e+000	140688
2.320919e+001	140081
2.323648e+001	139820
2.450891e+001	139106
2.455493e+001	138731
5.025128e+001	138709
5.069471e+001	137893
5.075131e+001	137885
5.489026e+001	136638
5.554904e+001	135954
5.560629e+001	135219
6.330440e+001	135199
9.159012e+001	134309
9.170759e+001	134302
9.181430e+001	133824
1.178879e+002	133571
1.209204e+002	133413
1.209884e+002	133257
1.243885e+002	132658
1.244719e+002	132427
1.254005e+002	131876
1.254785e+002	131276
1.256417e+002	131131
1.680349e+002	130960
1.723813e+002	130528
1.807221e+002	130339
1.825988e+002	129768
1.928228e+002	129167
1.951523e+002	128975
1.964078e+002	127965
1.975093e+002	127951
1.982652e+002	127802
2.005935e+002	126667
2.830421e+002	125966
2.834397e+002	125724
2.835406e+002	125386
2.991753e+002	124757
3.025052e+002	124625
3.072820e+002	124438
3.537796e+002	124388
1.675215e+003	124322
1.675433e+003	124214
1.675564e+003	124121
1.675634e+003	124060
1.676345e+003	123757
1.677941e+003	123597
1.679148e+003	123508
1.707736e+003	122762
2.327363e+003	122689
2.328045e+003	122660
2.328379e+003	122625
2.328407e+003	121686
2.328809e+003	121641
2.331564e+003	121483
2.336995e+003	121478
2.337073e+003	121215



%NL12, T=500, betaT=0.990000, w=4000, maxC=200, maxP=100, maxR=5
%time (s)	cost
7.492759e-001	153177
7.611819e-001	152926
7.668614e-001	151769
1.151945e+000	143673
1.818921e+000	143643
1.873657e+000	143108
1.914796e+000	142793
1.087445e+001	141284
1.092792e+001	140732
1.785102e+001	140365
1.801139e+001	140211
1.865287e+001	139630
1.874573e+001	138965
1.997158e+001	138747
2.017291e+001	137532
2.030322e+001	136968
2.045323e+001	136504
2.053552e+001	136481
2.054030e+001	136415
2.080533e+001	136193
5.230278e+001	136036
5.231134e+001	136026
5.243254e+001	135987
5.246150e+001	135539
6.718584e+001	135165
6.759464e+001	135076
6.769129e+001	134698
6.775600e+001	134529
6.802180e+001	134219
6.849295e+001	134085
6.890018e+001	133747
6.914327e+001	133524
6.979381e+001	133488
6.983144e+001	133428
7.301616e+001	133238
7.309151e+001	132850
8.371372e+001	132536
1.090883e+002	132366
1.241512e+002	131969
1.242435e+002	130291
1.300087e+002	129538
1.310408e+002	129351
1.311591e+002	129213
1.342504e+002	128975
1.361155e+002	128604
1.365730e+002	128569
1.373068e+002	128311
1.847251e+002	128067
2.022128e+002	128049
2.089117e+002	127998
2.183306e+002	127995
2.196675e+002	127854
2.197698e+002	127326
2.221648e+002	127203
2.222280e+002	126823
2.807584e+002	126819
2.855100e+002	126613
2.977789e+002	126313
2.997769e+002	126285
3.169199e+002	125970
3.227909e+002	125953
3.579802e+002	125280
3.589518e+002	125203
3.598396e+002	125056
3.606796e+002	125039
3.624925e+002	124997
3.638911e+002	123908
3.764898e+002	123672
3.765114e+002	123129
3.814929e+002	122937
3.824165e+002	122928
4.244826e+002	122922
4.247430e+002	122845
4.281379e+002	122689
4.473515e+002	122549
9.348135e+002	121809
9.364584e+002	121750



%NL12, T=500, betaT=0.990000, w=4000, maxC=200, maxP=100, maxR=5
%time (s)	cost
4.353613e+000	147809
1.121237e+001	143133
1.720937e+001	142947
1.727107e+001	142388
2.594759e+001	142129
4.496968e+001	142044
4.541105e+001	139676
5.882468e+001	134162
1.021050e+002	133948
1.024914e+002	133198
1.025145e+002	132748
1.265250e+002	132631
1.265937e+002	132545
1.292859e+002	132373
1.293070e+002	132136
1.294184e+002	131964
1.294529e+002	130792
1.294665e+002	130791
1.303448e+002	130147
1.305658e+002	129201
1.305855e+002	128650
1.468801e+002	127920
1.473368e+002	127245
1.920146e+002	126754
1.920607e+002	126005
1.922270e+002	125478
1.939668e+002	125145
1.940314e+002	125135
1.941494e+002	124694
1.941675e+002	124541
1.942176e+002	124524
1.942610e+002	124381
2.002120e+002	124255
2.029515e+002	124233
2.037616e+002	124179
2.039012e+002	124121
2.856486e+002	123604
2.857766e+002	123562
2.858842e+002	123515
2.899304e+002	123231
2.914046e+002	123204
2.916307e+002	123176
2.919956e+002	123084
2.931786e+002	123040
2.931930e+002	122996
2.948558e+002	122991
2.958802e+002	122916
3.284606e+002	122419
3.318494e+002	122397
3.597585e+002	122368
3.653446e+002	122031
3.660309e+002	121748
3.843300e+002	121720
3.907062e+002	120941
3.913775e+002	120656
3.914868e+002	120376
3.919352e+002	120360
4.036830e+002	120251
4.042709e+002	120123
4.046114e+002	119819
4.062255e+002	119807



%NL12, T=500, betaT=0.990000, w=4000, maxC=200, maxP=100, maxR=5
%time (s)	cost
1.212897e+000	153177
1.234619e+000	152926
1.239393e+000	151769
1.645640e+000	143673
2.395910e+000	143643
2.461852e+000	143108
2.502395e+000	142793
1.273907e+001	141284
1.279846e+001	140732
2.043086e+001	140365
2.063588e+001	140211
2.133089e+001	139630
2.143469e+001	138965
2.280282e+001	138747
2.304346e+001	137532
2.326225e+001	136968
2.349566e+001	136504
2.361775e+001	136481
2.365255e+001	136415
2.397218e+001	136193
5.681734e+001	136036
5.682473e+001	136026
5.694309e+001	135987
5.696748e+001	135539
7.191313e+001	135165
7.232016e+001	135076
7.241490e+001	134698
7.248888e+001	134529
7.274867e+001	134219
7.322293e+001	134085
7.364046e+001	133747
7.388948e+001	133524
7.453528e+001	133488
7.457053e+001	133428
7.778163e+001	133238
7.785914e+001	132850
8.895254e+001	132536
1.152630e+002	132366
1.310761e+002	131969
1.311764e+002	130291
1.370569e+002	129538
1.380988e+002	129351
1.382196e+002	129213
1.413846e+002	128975
1.435793e+002	128604
1.440307e+002	128569
1.447978e+002	128311
1.924022e+002	128067
2.105583e+002	128049
2.180270e+002	127998
2.277631e+002	127995
2.293132e+002	127854
2.294160e+002	127326
2.318294e+002	127203
2.318959e+002	126823
2.901032e+002	126819
2.950676e+002	126613
3.076116e+002	126313
3.096079e+002	126285
3.274521e+002	125970
3.336134e+002	125953
3.700971e+002	125280
3.710504e+002	125203
3.719406e+002	125056
3.727817e+002	125039
3.746148e+002	124997
3.759905e+002	123908
3.889226e+002	123672
3.889448e+002	123129
3.939001e+002	122937
3.948309e+002	122928
4.373102e+002	122922
4.375639e+002	122845
4.409416e+002	122689
4.603408e+002	122549
9.544617e+002	121809
9.561123e+002	121750



%NL12, T=500, betaT=0.990000, w=4000, maxC=200, maxP=100, maxR=5
%time (s)	cost
4.149363e+000	147809
1.010149e+001	143133
1.613397e+001	142947
1.621824e+001	142388
2.481025e+001	142129
4.262245e+001	142044
4.306876e+001	139676
5.558703e+001	134162
9.608788e+001	133948
9.647847e+001	133198
9.651686e+001	132748
1.193094e+002	132631
1.193742e+002	132545
1.218710e+002	132373
1.219076e+002	132136
1.220308e+002	131964
1.220782e+002	130792
1.221059e+002	130791
1.229633e+002	130147
1.231938e+002	129201
1.232283e+002	128650
1.388150e+002	127920
1.392568e+002	127245
1.816309e+002	126754
1.816965e+002	126005
1.818832e+002	125478
1.836330e+002	125145
1.837091e+002	125135
1.838365e+002	124694
1.838698e+002	124541
1.839326e+002	124524
1.840082e+002	124381
1.894417e+002	124255
1.920800e+002	124233
1.928810e+002	124179
1.930299e+002	124121
2.716258e+002	123604
2.717833e+002	123562
2.719013e+002	123515
2.758779e+002	123231
2.774436e+002	123204
2.776952e+002	123176
2.780629e+002	123084
2.792928e+002	123040
2.793715e+002	122996
2.810625e+002	122991
2.820482e+002	122916
3.148617e+002	122419
3.186248e+002	122397
3.488449e+002	122368
3.547046e+002	122031
3.554522e+002	121748
3.771782e+002	121720
3.837407e+002	120941
3.843593e+002	120656
3.844743e+002	120376
3.849914e+002	120360
3.964452e+002	120251
3.971243e+002	120123
3.975087e+002	119819
3.989854e+002	119807



%NL12, T=500, betaT=0.990000, w=4000, maxC=200, maxP=100, maxR=5
%time (s)	cost
3.698268e+000	145013
3.717057e+000	144464
3.754860e+000	144330
3.809170e+000	144295
3.897931e+000	143666
3.958353e+000	143608
4.023729e+000	143601
4.495243e+000	141506
1.437901e+001	141023
1.445031e+001	141014
1.604289e+001	139908
1.610855e+001	139749
1.718270e+001	139597
1.729692e+001	139360
2.335974e+001	139192
2.357769e+001	137638
2.367081e+001	137247
2.371024e+001	137021
4.760261e+001	135550
6.337699e+001	134671
6.358765e+001	134397
7.475736e+001	133928
7.478282e+001	133248
7.492435e+001	133246
7.502853e+001	133202
7.595565e+001	132648
7.601548e+001	132336
7.606847e+001	131936
7.610555e+001	131506
1.125770e+002	131294
1.126199e+002	131099
1.281388e+002	129941
1.282332e+002	129904
1.283382e+002	129461
1.284504e+002	129402
1.284803e+002	129286
1.870389e+002	128944
1.873432e+002	128824
1.925424e+002	128696
1.927189e+002	128682
1.941535e+002	128337
1.945357e+002	128188
1.948299e+002	128022
1.972764e+002	127720
1.979691e+002	127706
1.981666e+002	127686
2.117968e+002	127117
2.119559e+002	127116
2.121198e+002	127096
2.125323e+002	126607
2.129236e+002	126597
2.129879e+002	126506
2.147361e+002	126494
2.149089e+002	126324
2.251130e+002	126171
2.251712e+002	126158
2.262314e+002	126121
2.271862e+002	125713
2.273085e+002	124833
2.284052e+002	124742
2.385949e+002	124735
2.386541e+002	124543
2.542125e+002	124433
2.548024e+002	124279
2.549033e+002	123930
2.678687e+002	123756
2.688203e+002	123681
2.839263e+002	123423
2.839839e+002	123372
2.848407e+002	123335
2.851294e+002	123271
2.958291e+002	123038
2.971325e+002	123005
3.001934e+002	122702
3.010852e+002	122611
3.030571e+002	122505
1.412679e+003	121875
1.412902e+003	121828
1.413163e+003	121659
1.413422e+003	121612
1.414269e+003	121602
1.416195e+003	121517
1.418452e+003	121448
1.436755e+003	121364
1.437472e+003	121334
1.438354e+003	121279
1.438513e+003	121161
1.443363e+003	120838
1.443393e+003	120713
1.448620e+003	120629
1.450531e+003	120526



%NL12, T=500, betaT=0.990000, w=4000, maxC=200, maxP=100, maxR=5
%time (s)	cost
6.120089e-001	153177
6.247954e-001	152926
6.316644e-001	151769
1.001832e+000	143673
1.642509e+000	143643
1.695929e+000	143108
1.735164e+000	142793
1.043254e+001	141284
1.048739e+001	140732
1.715181e+001	140365
1.730560e+001	140211
1.792273e+001	139630
1.801793e+001	138965
1.919849e+001	138747
1.939252e+001	137532
1.952137e+001	136968
1.968033e+001	136504
1.976208e+001	136481
1.976676e+001	136415
2.001937e+001	136193
4.987825e+001	136036
4.988524e+001	136026
4.999820e+001	135987
5.001558e+001	135539
6.457645e+001	135165
6.502449e+001	135076
6.512320e+001	134698
6.518845e+001	134529
6.545824e+001	134219
6.595275e+001	134085
6.636551e+001	133747
6.665258e+001	133524
6.743047e+001	133488
6.751719e+001	133428
7.088843e+001	133238
7.096303e+001	132850
8.303808e+001	132536
1.082685e+002	132366
1.241327e+002	131969
1.242269e+002	130291
1.303948e+002	129538
1.315440e+002	129351
1.316911e+002	129213
1.348230e+002	128975
1.368333e+002	128604
1.372799e+002	128569
1.380010e+002	128311
1.874243e+002	128067
2.056399e+002	128049
2.129479e+002	127998
2.224736e+002	127995
2.237646e+002	127854
2.238654e+002	127326
2.262964e+002	127203
2.263614e+002	126823
2.856125e+002	126819
2.903193e+002	126613
3.024640e+002	126313
3.044771e+002	126285
3.216953e+002	125970
3.278423e+002	125953
3.643342e+002	125280
3.652981e+002	125203
3.661955e+002	125056
3.670304e+002	125039
3.688226e+002	124997
3.701942e+002	123908
3.832648e+002	123672
3.832863e+002	123129
3.885096e+002	122937
3.895036e+002	122928
4.303047e+002	122922
4.305536e+002	122845
4.338312e+002	122689
4.524724e+002	122549
9.337782e+002	121809
9.354471e+002	121750



%NL12, T=500, betaT=0.990000, w=4000, maxC=200, maxP=100, maxR=5
%time (s)	cost
4.141657e+000	147809
9.836665e+000	143133
1.580752e+001	142947
1.587372e+001	142388
2.494853e+001	142129
4.403867e+001	142044
4.451167e+001	139676
5.769679e+001	134162
1.001847e+002	133948
1.005654e+002	133198
1.005879e+002	132748
1.247452e+002	132631
1.247949e+002	132545
1.273160e+002	132373
1.273384e+002	132136
1.274578e+002	131964
1.274936e+002	130792
1.275123e+002	130791
1.284082e+002	130147
1.286392e+002	129201
1.286625e+002	128650
1.454845e+002	127920
1.459398e+002	127245
1.916643e+002	126754
1.917132e+002	126005
1.918794e+002	125478
1.936736e+002	125145
1.937359e+002	125135
1.938520e+002	124694
1.938714e+002	124541
1.939244e+002	124524
1.939702e+002	124381
1.998588e+002	124255
2.026039e+002	124233
2.034734e+002	124179
2.036237e+002	124121
2.884132e+002	123604
2.885217e+002	123562
2.886336e+002	123515
2.927755e+002	123231
2.943362e+002	123204
2.945703e+002	123176
2.949285e+002	123084
2.961373e+002	123040
2.961515e+002	122996
2.983069e+002	122991
2.994162e+002	122916
3.325418e+002	122419
3.360140e+002	122397
3.638980e+002	122368
3.692173e+002	122031
3.699669e+002	121748
3.887800e+002	121720
3.951087e+002	120941
3.957103e+002	120656
3.957955e+002	120376
3.962067e+002	120360
4.084199e+002	120251
4.090502e+002	120123
4.093913e+002	119819
4.109653e+002	119807



%NL12, T=500, betaT=0.990000, w=4000, maxC=200, maxP=100, maxR=5
%time (s)	cost
4.130593e+000	145013
4.134073e+000	144464
4.149048e+000	144330
4.199885e+000	144295
4.272970e+000	143666
4.315022e+000	143608
4.352458e+000	143601
4.843863e+000	141506
1.616043e+001	141023
1.619611e+001	141014
1.784988e+001	139908
1.788492e+001	139749
1.897693e+001	139597
1.907518e+001	139360
2.534149e+001	139192
2.553304e+001	137638
2.561450e+001	137247
2.563615e+001	137021
5.141157e+001	135550
6.837197e+001	134671
6.858183e+001	134397
8.114187e+001	133928
8.114760e+001	133248
8.128287e+001	133246
8.136857e+001	133202
8.234719e+001	132648
8.238367e+001	132336
8.241352e+001	131936
8.243294e+001	131506
1.228789e+002	131294
1.228878e+002	131099
1.399026e+002	129941
1.399897e+002	129904
1.400797e+002	129461
1.401834e+002	129402
1.401860e+002	129286
2.038166e+002	128944
2.041022e+002	128824
2.093655e+002	128696
2.095151e+002	128682
2.108916e+002	128337
2.112819e+002	128188
2.115596e+002	128022
2.135304e+002	127720
2.139102e+002	127706
2.141003e+002	127686
2.289546e+002	127117
2.291037e+002	127116
2.292695e+002	127096
2.297021e+002	126607
2.301163e+002	126597
2.301575e+002	126506
2.320502e+002	126494
2.322224e+002	126324
2.432486e+002	126171
2.433004e+002	126158
2.444244e+002	126121
2.453991e+002	125713
2.454877e+002	124833
2.465887e+002	124742
2.575449e+002	124735
2.575886e+002	124543
2.745938e+002	124433
2.752242e+002	124279
2.752902e+002	123930
2.895140e+002	123756
2.905153e+002	123681
3.067889e+002	123423
3.068331e+002	123372
3.077160e+002	123335
3.079866e+002	123271
3.194619e+002	123038
3.208274e+002	123005
3.240047e+002	122702
3.249309e+002	122611
3.271283e+002	122505
1.529030e+003	121875
1.529238e+003	121828
1.529506e+003	121659
1.529753e+003	121612
1.530656e+003	121602
1.532614e+003	121517
1.534959e+003	121448
1.554125e+003	121364
1.554850e+003	121334
1.555731e+003	121279
1.555882e+003	121161
1.561017e+003	120838
1.561033e+003	120713
1.567015e+003	120629
1.568918e+003	120526



%NL12, T=500, betaT=0.990000, w=4000, maxC=200, maxP=100, maxR=5
%time (s)	cost
5.550359e-001	155416
1.579151e+000	144219
2.659741e+000	144127
3.114933e+000	142523
3.129952e+000	141897
3.137418e+000	141762
3.189735e+000	140597
7.122208e+000	140494
7.135576e+000	139866



%NL12, T=500, betaT=0.990000, w=4000, maxC=200, maxP=100, maxR=5
%time (s)	cost
1.019747e+000	153177
1.048551e+000	152926
1.053824e+000	151769
1.430087e+000	143673
2.068006e+000	143643
2.130184e+000	143108
2.194906e+000	142793
1.114209e+001	141284
1.119717e+001	140732
1.797057e+001	140365
1.813076e+001	140211
1.878905e+001	139630
1.888606e+001	138965
2.011204e+001	138747
2.032986e+001	137532
2.048969e+001	136968
2.066192e+001	136504
2.077653e+001	136481
2.080655e+001	136415
2.108471e+001	136193
5.445243e+001	136036
5.446073e+001	136026
5.458048e+001	135987
5.461174e+001	135539
7.029461e+001	135165
7.072006e+001	135076
7.081679e+001	134698
7.088143e+001	134529
7.116451e+001	134219
7.168324e+001	134085
7.210365e+001	133747
7.235721e+001	133524
7.307160e+001	133488
7.310744e+001	133428
7.635781e+001	133238
7.643463e+001	132850
8.743730e+001	132536
1.147051e+002	132366
1.303145e+002	131969
1.303964e+002	130291
1.362261e+002	129538
1.372619e+002	129351
1.373772e+002	129213
1.404488e+002	128975
1.422747e+002	128604
1.427099e+002	128569
1.434134e+002	128311
1.901497e+002	128067
2.071725e+002	128049
2.139247e+002	127998
2.235799e+002	127995
2.249325e+002	127854
2.250376e+002	127326
2.274837e+002	127203
2.275457e+002	126823
2.873645e+002	126819
2.931240e+002	126613
3.055096e+002	126313
3.074889e+002	126285
3.265305e+002	125970
3.325702e+002	125953
3.678777e+002	125280
3.688282e+002	125203
3.697199e+002	125056
3.705625e+002	125039
3.723662e+002	124997
3.737679e+002	123908
3.864478e+002	123672
3.864668e+002	123129
3.916613e+002	122937
3.928350e+002	122928
4.370032e+002	122922
4.373133e+002	122845
4.413435e+002	122689
4.646680e+002	122549
9.859604e+002	121809
9.876750e+002	121750



%NL12, T=500, betaT=0.990000, w=4000, maxC=200, maxP=100, maxR=5
%time (s)	cost
4.324054e+000	147809
1.016220e+001	143133
1.599276e+001	142947
1.605740e+001	142388
2.475418e+001	142129
4.350485e+001	142044
4.395600e+001	139676
5.726365e+001	134162
1.006248e+002	133948
1.010276e+002	133198
1.010499e+002	132748
1.256140e+002	132631
1.256652e+002	132545
1.282315e+002	132373
1.282561e+002	132136
1.283821e+002	131964
1.284607e+002	130792
1.284836e+002	130791
1.294218e+002	130147
1.296646e+002	129201
1.296850e+002	128650
1.461127e+002	127920
1.465410e+002	127245
1.924177e+002	126754
1.924632e+002	126005
1.926266e+002	125478
1.943250e+002	125145
1.943867e+002	125135
1.945011e+002	124694
1.945215e+002	124541
1.945830e+002	124524
1.946264e+002	124381
2.008094e+002	124255
2.036799e+002	124233
2.045412e+002	124179
2.046891e+002	124121
2.889694e+002	123604
2.890894e+002	123562
2.892029e+002	123515
2.933949e+002	123231
2.949303e+002	123204
2.951633e+002	123176
2.955267e+002	123084
2.967239e+002	123040
2.967425e+002	122996
2.984380e+002	122991
2.994845e+002	122916
3.334101e+002	122419
3.370031e+002	122397
3.648559e+002	122368
3.698759e+002	122031
3.704632e+002	121748
3.876465e+002	121720
3.936137e+002	120941
3.942014e+002	120656
3.942865e+002	120376
3.946856e+002	120360
4.059662e+002	120251
4.065402e+002	120123
4.068520e+002	119819
4.082750e+002	119807
